[[  3452    770   1160    532   1317]
 [  1427   1161   2835   1258   1674]
 [   596    687   5758   5545   4744]
 [   147    115   1827  15983  31250]
 [    97     39    502   8041 108393]]
              precision    recall  f1-score   support
           0       0.60      0.48      0.53      7231
           1       0.42      0.14      0.21      8355
           2       0.48      0.33      0.39     17330
           3       0.51      0.32      0.40     49322
           4       0.74      0.93      0.82    117072
    accuracy                           0.68    199310
   macro avg       0.55      0.44      0.47    199310
weighted avg       0.64      0.68      0.64    199310